0 0.263578125 0.80475 0.07610937499999999 0.1502314814814815
0 0.3595364583333333 0.7920185185185186 0.0991510416666666 0.1386759259259259
0 0.464578125 0.7228055555555556 0.12394791666666667 0.3104166666666667
0 0.5506510416666667 0.6718981481481481 0.10234375 0.2641666666666666
0 0.6364427083333334 0.6999166666666666 0.08440624999999997 0.14890740740740735
0 0.7401822916666667 0.6668148148148147 0.13088541666666675 0.20770370370370364
0 0.8957812500000001 0.6821018518518518 0.1699010416666667 0.13642592592592584
1 0.9387187499999999 0.48213888888888895 0.06702604166666669 0.25502777777777785
1 0.630703125 0.5555000000000001 0.04994791666666672 0.23045370370370363
1 0.433859375 0.4749814814814815 0.08334375 0.19902777777777783
1 0.30549479166666665 0.6189166666666667 0.07140624999999995 0.19987037037037028