1 0.080859375 0.32708333333333334 0.16149088541666667 0.342650462962963
1 0.2315625 0.3493148148148148 0.08696549479166661 0.2582766203703704
1 0.31631250000000005 0.4016296296296296 0.06089583333333325 0.11290856481481479
1 0.38674479166666664 0.41435185185185186 0.07863932291666664 0.1434039351851852
1 0.427234375 0.41898148148148145 0.07860872395833335 0.15185185185185185
1 0.49883333333333335 0.4342685185185185 0.07555143229166675 0.09907523148148151
1 0.5730416666666667 0.4185277777777778 0.06819856770833349 0.08611342592592598
1 0.6467239583333334 0.3826574074074074 0.06097526041666678 0.10272453703703703
1 0.7102552083333333 0.34147222222222223 0.05889453124999993 0.08513657407407417
1 0.7761302083333333 0.2995925925925926 0.05779036458333332 0.061123842592592556
1 0.8229947916666667 0.2931111111111111 0.047376302083333384 0.0666793981481481
1 0.8606197916666667 0.2729814814814815 0.04741015624999984 0.04069791666666668