1 0.080859375 0.32708333333333334 0.16171875 0.34305555555555556
1 0.2315625 0.3493148148148148 0.08686979166666665 0.2578796296296296
1 0.31631250000000005 0.4016296296296296 0.06060416666666661 0.11252777777777775
1 0.38674479166666664 0.41435185185185186 0.07859375000000005 0.14260185185185184
1 0.427234375 0.41898148148148145 0.07834895833333337 0.15185185185185185
1 0.49883333333333335 0.4342685185185185 0.07576562499999996 0.09908333333333333
1 0.5730416666666667 0.4185277777777778 0.06798437500000011 0.08612962962962961
1 0.6467239583333334 0.3826574074074074 0.0612395833333333 0.10235185185185182
1 0.7102552083333333 0.34147222222222223 0.059177083333333276 0.08479629629629633
1 0.7761302083333333 0.2995925925925926 0.05763541666666659 0.061212962962962976
1 0.8229947916666667 0.2931111111111111 0.04723958333333324 0.06676851851851853
1 0.8606197916666667 0.2729814814814815 0.04751041666666656 0.04039814814814814