0 0.3682552083333333 0.30258333333333337 0.06874283854166663 0.11847106481481473
0 0.2841458333333333 0.5367685185185186 0.03907096354166673 0.1602337962962963
0 0.25954166666666667 0.9408240740740741 0.05472916666666669 0.10742824074074056
1 0.3011979166666666 0.7885462962962962 0.09639322916666669 0.1639189814814815
1 0.8908854166666667 0.09166666666666666 0.2140625 0.18333333333333332
1 0.9259114583333333 0.3193240740740741 0.14794921875 0.34817939814814797
1 0.934375 0.5976944444444444 0.13125 0.24918749999999995
1 0.5493020833333334 0.10935185185185185 0.42131054687499986 0.18983680555555557
1 0.10286458333333333 0.28379629629629627 0.20572916666666666 0.5675925925925925
1 0.737453125 0.7616574074074073 0.07602994791666688 0.4435405092592591
1 0.8129739583333334 0.7583333333333333 0.07501171874999978 0.48333333333333334
1 0.66328125 0.7824074074074074 0.08489583333333334 0.4351851851851852
1 0.40483854166666666 0.7212962962962963 0.07086002604166666 0.5574074074074075
1 0.5151041666666667 0.26157407407407407 0.09791666666666667 0.5231481481481481
1 0.7098541666666667 0.22708333333333333 0.07290625 0.4537615740740741
1 0.28986979166666665 0.1640277777777778 0.10261067708333335 0.25644675925925925
1 0.11536458333333334 0.7837962962962963 0.23072916666666668 0.4324074074074074