0 0.263578125 0.80475 0.07605013020833334 0.15002893518518517
0 0.3595364583333333 0.7920185185185186 0.09898242187499993 0.13886226851851835
0 0.464578125 0.7228055555555556 0.12395703124999997 0.3102141203703704
0 0.5506510416666667 0.6718981481481481 0.10257161458333333 0.26392361111111123
0 0.6364427083333334 0.6999166666666666 0.08437890625000008 0.14824305555555573
0 0.7401822916666667 0.6668148148148147 0.13074869791666663 0.20744444444444463
0 0.8957812500000001 0.6821018518518518 0.1698053385416666 0.13615046296296276
1 0.9387187499999999 0.48213888888888895 0.06716731770833324 0.25467939814814816
1 0.630703125 0.5555000000000001 0.04999348958333319 0.230542824074074
1 0.433859375 0.4749814814814815 0.08333463541666669 0.19825810185185194
1 0.30549479166666665 0.6189166666666667 0.07136067708333335 0.19998379629629615