0 0.3682552083333333 0.30258333333333337 0.06869270833333327 0.11813888888888892
0 0.2841458333333333 0.5367685185185186 0.03913020833333336 0.1605740740740741
0 0.25954166666666667 0.9408240740740741 0.055020833333333324 0.10757407407407413
1 0.3011979166666666 0.7885462962962962 0.09666666666666665 0.16412962962962963
1 0.8911927083333333 0.09199074074074073 0.2141510416666667 0.18398148148148147
1 0.9259114583333333 0.3193240740740741 0.14817708333333332 0.3483981481481481
1 0.934375 0.5976944444444444 0.13125 0.2499814814814815
1 0.5493020833333334 0.10935185185185185 0.42100520833333327 0.18999074074074074
1 0.10299479166666667 0.28379629629629627 0.20598958333333334 0.5675925925925925
1 0.737453125 0.7616574074074073 0.07594791666666675 0.4436944444444444
1 0.8129739583333334 0.7583333333333333 0.07509374999999992 0.48333333333333334
1 0.6636510416666667 0.7826388888888889 0.08467708333333329 0.43472222222222223
1 0.40483854166666666 0.7212962962962963 0.07104687500000004 0.5574074074074075
1 0.515109375 0.26180555555555557 0.09790625000000001 0.5236111111111111
1 0.7098541666666667 0.22708333333333333 0.0728333333333334 0.45416666666666666
1 0.28986979166666665 0.16402777777777777 0.10265624999999998 0.2562037037037037
1 0.11536458333333334 0.7837962962962963 0.23072916666666668 0.4324074074074074