0 0.537609375 0.4955 0.14686914062500006 0.3970590277777777
0 0.269765625 0.22013888888888888 0.251591796875 0.34984375000000006
0 0.38153125 0.42113888888888895 0.16403906250000003 0.4417256944444445
0 0.0296875 0.5125 0.059375 0.1361111111111111
0 0.9328125 0.6263888888888889 0.134375 0.1638888888888889
0 0.6700625 0.5424722222222222 0.1218789062499999 0.3556979166666668
1 0.6233906250000001 0.12377777777777778 0.2844277343750001 0.21668749999999998
1 0.868828125 0.27161111111111114 0.2484335937499999 0.23889583333333334
1 0.05240625000000001 0.19919444444444442 0.10470312500000004 0.2610694444444444
0 0.1036875 0.43183333333333335 0.07021875000000004 0.17497222222222225
0 0.0390625 0.7208333333333333 0.078125 0.125