0 0.2138671875 0.6553819444444444 0.12701416015625 0.11968315972222222
0 0.2109375 0.7708333333333334 0.07232666015625 0.1491970486111111
0 0.13916015625 0.8255208333333334 0.12408447265625 0.0886501736111111
0 0.7353515625 0.5286458333333334 0.1005859375 0.1388888888888889
0 0.76025390625 0.5720486111111112 0.21185302734375 0.08680555555555555
0 0.46533203125 0.5972222222222222 0.09075927734375 0.11979166666666667
1 0.5390625 0.3532986111111111 0.162109375 0.3629557291666667
1 0.1650390625 0.22135416666666666 0.33001708984375 0.4425998263888889
1 0.41845703125 0.19618055555555555 0.15625 0.3922526041666667
1 0.91162109375 0.4956597222222222 0.12982177734375 0.07823350694444445
1 0.1708984375 0.2708333333333333 0.34173583984375 0.5278862847222222