0 0.682265625 0.715888888888889 0.13436914062500005 0.17485416666666664
0 0.260640625 0.27052777777777776 0.23426953125 0.2473125
0 0.281578125 0.35450000000000004 0.10785156250000005 0.28596875000000005
1 0.932078125 0.51925 0.13294921875000015 0.16389583333333332
1 0.6233906250000001 0.12377777777777778 0.2844277343750001 0.21668749999999998
1 0.868828125 0.27161111111111114 0.2484335937499999 0.23889583333333334
0 0.08060937500000001 0.31566666666666665 0.11402734374999998 0.23327430555555562
0 0.47260937500000005 0.7159444444444445 0.17017187499999994 0.15569097222222203
0 0.43764062499999995 0.5773055555555556 0.07193164062499999 0.15532986111111108
0 0.8106562500000001 0.7471666666666668 0.08123242187499997 0.08331597222222216
0 0.5895312500000001 0.5501944444444444 0.07651953124999995 0.09454513888888888
0 0.9139843750000001 0.7479999999999999 0.05316601562499983 0.08892013888888894
1 0.624125 0.37394444444444447 0.18585351562500013 0.20836111111111108