0 0.2138671875 0.6553819444444444 0.12744140625 0.1189236111111111
0 0.2109375 0.7708333333333334 0.07275390625 0.1484375
0 0.13916015625 0.8255208333333334 0.12451171875 0.08940972222222222
0 0.7353515625 0.5286458333333334 0.1005859375 0.1388888888888889
0 0.76025390625 0.5720486111111112 0.21142578125 0.08680555555555555
0 0.46533203125 0.5972222222222222 0.09033203125 0.11979166666666667
1 0.5390625 0.3532986111111111 0.162109375 0.3637152777777778
1 0.1650390625 0.22135416666666666 0.32958984375 0.4418402777777778
1 0.41845703125 0.19618055555555555 0.15625 0.3914930555555556
1 0.91162109375 0.4956597222222222 0.12939453125 0.07899305555555555
1 0.1708984375 0.2708333333333333 0.34130859375 0.5286458333333334