1 0.2643229166666667 0.7800925925925926 0.1953125 0.4398148148148148
1 0.83984375 0.4537037037037037 0.3203125 0.5462962962962963
1 0.65234375 0.7569444444444444 0.2630208333333333 0.4861111111111111
0 0.4192708333333333 0.6203703703703703 0.125 0.14814814814814814
0 0.0390625 0.7384259259259259 0.078125 0.1527777777777778
1 0.19921875 0.21064814814814814 0.3932291666666667 0.39351851851851855
1 0.4921875 0.3773148148148148 0.13020833333333334 0.18055555555555555
1 0.5390625 0.1412037037037037 0.234375 0.25462962962962965
1 0.8385416666666666 0.13657407407407407 0.3229166666666667 0.2638888888888889
0 0.23958333333333334 0.5439814814814815 0.13541666666666666 0.09722222222222222
0 0.13020833333333334 0.6064814814814815 0.07291666666666667 0.12037037037037036
0 0.4908854166666667 0.5138888888888888 0.0703125 0.09259259259259259