0 0.826171875 0.515625 0.15625 0.1978081597222222
0 0.72802734375 0.5598958333333334 0.0546875 0.0920138888888889
0 0.3837890625 0.7335069444444444 0.0849609375 0.1162109375
0 0.48046875 0.7821180555555556 0.07415771484375 0.05740017361111111
0 0.126953125 0.7222222222222222 0.24609375 0.0954861111111111
0 0.3251953125 0.8046875 0.1220703125 0.109375
1 0.27734375 0.4835069444444444 0.2265625 0.2482638888888889
0 0.33935546875 0.6336805555555556 0.2255859375 0.16493055555555555
0 0.57177734375 0.6145833333333334 0.15716552734375 0.1005859375
0 0.63671875 0.6831597222222222 0.07818603515625 0.057183159722222224
1 0.57080078125 0.23524305555555555 0.20703125 0.4548611111111111
1 0.83740234375 0.1267361111111111 0.14154052734375 0.2222222222222222
1 0.2978515625 0.1762152777777778 0.1875 0.3351779513888889
1 0.85205078125 0.3020833333333333 0.2958984375 0.2255859375
1 0.119140625 0.4739583333333333 0.21484375 0.2917751736111111