0 0.682265625 0.715888888888889 0.13432812500000005 0.17383333333333337
0 0.260640625 0.27052777777777776 0.23353125000000005 0.2479444444444445
0 0.281578125 0.35450000000000004 0.10812499999999999 0.2849722222222223
1 0.932078125 0.51925 0.13390625000000006 0.1639444444444444
1 0.6233906250000001 0.12377777777777778 0.28479687499999995 0.21683333333333335
1 0.868828125 0.27161111111111114 0.24840625000000002 0.2389444444444444
0 0.08060937500000001 0.31566666666666665 0.11378124999999999 0.23286111111111116
0 0.47260937500000005 0.7159444444444445 0.16918749999999996 0.15663888888888886
0 0.43764062499999995 0.5773055555555556 0.07232812499999994 0.15375000000000005
0 0.8106562500000001 0.7471666666666668 0.08110937500000004 0.08319444444444449
0 0.5895312500000001 0.5501944444444444 0.07621874999999996 0.09525000000000006
0 0.9139843750000001 0.7479999999999999 0.05345312500000006 0.08913888888888898
1 0.624125 0.37394444444444447 0.18526562500000007 0.20855555555555552